39673
7
星
神力
甲
乙
丙
丁
戊
49 63
一楼・更衣室
一楼・泳池
一楼・休息室
一楼・草坪
一楼・厨房
一楼・西走廊
一楼・大堂
一楼・东走廊
二楼・淋浴室
二楼・西餐厅
二楼・东餐厅
二楼・西走廊
二楼・东走廊
三楼・301
三楼・北走廊
三楼・302
三楼・303
三楼・动力室
三楼・304
三楼・西走廊
三楼・305
三楼・东走廊
四楼・401
四楼・北走廊
四楼・402
四楼・403
四楼・404
四楼・西走廊
四楼・405
四楼・东走廊
五楼・经理室
五楼・北走廊
五楼・办公室
五楼・生命之歌
五楼・密室
五楼・死亡之歌
五楼・西走廊
五楼・娱乐室
五楼・东走廊
六楼・书房
六楼・北走廊
六楼・会议室
六楼・健身室
六楼・研究室
六楼・乒乓球室
六楼・西走廊
六楼・档案室
六楼・东走廊
二楼・连廊
6 20
20 37
6 37
12 28
28 46
12 46
1 2
1 9
2 5
3 4
3 6
4 5
5 8
6 7
7 8
8 13
10 12
11 13
13 22
14 15
14 17
15 16
15 18
15 24
16 19
17 20
18 21
19 22
20 21
21 22
22 30
23 24
23 26
24 25
24 32
25 27
26 28
27 30
28 29
29 30
30 39
31 32
31 34
32 33
32 35
32 41
34 37
36 39
37 38
38 39
39 48
40 41
40 43
41 42
41 44
42 45
43 46
44 47
45 48
46 47
47 48
12 49
13 49
20 100 120 120
200 100 240 120
20 220 120 120
140 220 120 120
260 220 120 120
20 340 120 120
140 340 120 120
260 340 120 120

420 100 120 120
420 220 120 120
660 220 120 120
420 340 120 120
660 340 120 120

820 100 120 120
940 100 120 120
1060 100 120 120
820 220 120 120
940 220 120 120
1060 220 120 120
820 340 120 120
940 340 120 120
1060 340 120 120

20 500 120 120
140 500 120 120
260 500 120 120
20 620 120 120
260 620 120 120
20 740 120 120
140 740 120 120
260 740 120 120

420 500 120 120
540 500 120 120
660 500 120 120
420 620 120 120
540 620 120 120
660 620 120 120
420 740 120 120
540 740 120 120
660 740 120 120

820 500 120 120
940 500 120 120
1060 500 120 120
820 620 120 120
940 620 120 120
1060 620 120 120
820 740 120 120
940 740 120 120
1060 740 120 120

540 340 120 120

14
1 2 有电
4 6 手电
7 8 出口
16 2 金币
17 4 望远
19 9 麦克
23 7 变装
24 8 黑暗
24 7 靴子
25 3 没毒
26 6 小熊
27 6 霰弹
36 7 十字
42 7 口罩

800